 6000.009195 22.353737 1.000000  0    0
 6001.189929 9.736558 1.000000  0    0
 6002.012133 2.839680 1.000000  0    0
 6003.035998 -6.573851 1.000000  0    0
 6004.030169 -9.105770 1.000000  0    0
 6004.926995 -13.803967 1.000000  0    0
 6005.991056 -17.539292 1.000000  0    0
 6006.919202 -24.898170 1.000000  0    0
 6007.969370 -27.433760 1.000000  0    0
 6008.968301 -28.527685 1.000000  0    0
 6010.009786 -32.729887 1.000000  0    0
 6011.007305 -34.313306 1.000000  0    0
 6012.013556 -37.572123 1.000000  0    0
 6012.881537 -37.164809 1.000000  0    0
 6014.029316 -37.256316 1.000000  0    0
 6014.871561 -38.730919 1.000000  0    0
 6015.943163 -38.847697 1.000000  0    0
 6016.917403 -36.965072 1.000000  0    0
 6018.054478 -32.341248 1.000000  0    0
 6019.121022 -28.369628 1.000000  0    0
 6020.078753 -22.834802 1.000000  0    0
 6021.253515 -15.920676 1.000000  0    0
 6021.832168 -9.149998 1.000000  0    0
 6022.990065 7.520296 1.000000  0    0
 6023.937232 21.017885 1.000000  0    0
 6024.998389 40.156703 1.000000  0    0
 6025.951487 57.444597 1.000000  0    0
 6026.968671 71.813089 1.000000  0    0
 6028.098456 72.435988 1.000000  0    0
 6029.007468 68.788348 1.000000  0    0
 6029.956377 60.365104 1.000000  0    0
 6030.953746 50.422682 1.000000  0    0
 6031.888133 38.119895 1.000000  0    0
 6032.909322 24.142753 1.000000  0    0
 6033.968287 16.493242 1.000000  0    0
 6034.929292 7.591915 1.000000  0    0
 6035.850384 -0.851598 1.000000  0    0
 6037.086514 -6.586440 1.000000  0    0
 6038.121021 -13.634426 1.000000  0    0
 6039.060487 -17.920226 1.000000  0    0
 6039.903565 -19.952744 1.000000  0    0
 6040.981738 -25.014668 1.000000  0    0
 6041.868131 -29.549557 1.000000  0    0
 6043.139419 -32.496983 1.000000  0    0
 6044.002138 -33.116207 1.000000  0    0
 6044.832147 -36.647540 1.000000  0    0
 6045.861743 -38.700993 1.000000  0    0
 6046.984544 -38.111383 1.000000  0    0
 6048.003215 -38.626416 1.000000  0    0
 6049.108810 -38.379826 1.000000  0    0
 6050.141948 -37.684917 1.000000  0    0
 6050.881252 -36.099359 1.000000  0    0
 6051.897588 -33.183522 1.000000  0    0
 6053.113640 -26.756623 1.000000  0    0
 6054.109262 -19.428957 1.000000  0    0
 6054.878467 -14.347799 1.000000  0    0
 6056.143578 0.715591 1.000000  0    0
 6056.985495 13.021854 1.000000  0    0
 6058.075432 32.892124 1.000000  0    0
 6059.027707 50.104286 1.000000  0    0
 6059.985959 66.210937 1.000000  0    0
 6061.067912 73.829318 1.000000  0    0
 6062.061472 71.895194 1.000000  0    0
 6062.733761 65.947110 1.000000  0    0
 6063.944730 54.440478 1.000000  0    0
 6064.964893 41.675356 1.000000  0    0
 6065.943339 30.134558 1.000000  0    0
 6066.853283 21.102681 1.000000  0    0
 6067.959690 9.628296 1.000000  0    0
 6068.840436 4.996707 1.000000  0    0
 6070.111830 -4.474196 1.000000  0    0
 6070.927139 -8.859970 1.000000  0    0
 6071.877972 -15.744718 1.000000  0    0
 6073.073814 -20.401258 1.000000  0    0
 6073.809056 -23.604124 1.000000  0    0
 6075.030163 -26.665371 1.000000  0    0
 6076.028227 -30.519645 1.000000  0    0
 6077.074112 -34.218363 1.000000  0    0
 6078.145967 -36.052331 1.000000  0    0
 6079.034115 -34.553961 1.000000  0    0
 6080.088121 -36.906823 1.000000  0    0
 6081.168157 -37.433441 1.000000  0    0
 6081.919621 -37.616753 1.000000  0    0
 6082.775659 -37.274795 1.000000  0    0
 6084.054537 -35.720037 1.000000  0    0
 6084.905025 -33.929046 1.000000  0    0
 6086.112945 -31.212726 1.000000  0    0
 6086.662363 -27.125540 1.000000  0    0
 6088.090758 -17.385617 1.000000  0    0
 6089.095101 -6.614522 1.000000  0    0
 6089.878820 1.358799 1.000000  0    0
 6090.990571 21.387429 1.000000  0    0
 6091.928461 37.889661 1.000000  0    0
 6092.842865 54.636640 1.000000  0    0
 6093.948336 69.847956 1.000000  0    0
 6094.942291 75.640758 1.000000  0    0
 6095.950189 70.696100 1.000000  0    0
 6096.886882 61.708075 1.000000  0    0
 6098.003275 48.152379 1.000000  0    0
 6098.934544 37.762984 1.000000  0    0
 6100.024243 25.062723 1.000000  0    0
 6100.986611 17.042662 1.000000  0    0
 6102.096640 7.507931 1.000000  0    0
 6102.986703 0.112108 1.000000  0    0
 6103.965042 -5.508158 1.000000  0    0
 6104.868818 -9.956359 1.000000  0    0
 6106.058006 -15.830022 1.000000  0    0
 6106.914170 -21.246913 1.000000  0    0
 6107.919700 -23.938610 1.000000  0    0
 6108.892732 -27.414096 1.000000  0    0
 6110.060093 -31.014095 1.000000  0    0
 6111.101506 -32.920322 1.000000  0    0
 6112.041755 -36.147606 1.000000  0    0
 6112.786700 -35.124132 1.000000  0    0
 6114.023919 -37.061599 1.000000  0    0
 6115.009262 -39.127967 1.000000  0    0
 6116.046481 -39.542512 1.000000  0    0
 6116.798320 -36.140766 1.000000  0    0
 6118.079309 -35.323296 1.000000  0    0
 6118.990909 -32.382823 1.000000  0    0
 6119.962068 -28.219509 1.000000  0    0
 6121.165685 -19.209981 1.000000  0    0
 6122.036528 -12.351544 1.000000  0    0
 6122.899409 -4.974429 1.000000  0    0
 6124.050473 14.376865 1.000000  0    0
 6124.956692 28.744018 1.000000  0    0
 6126.122953 53.514639 1.000000  0    0
 6127.148598 67.542918 1.000000  0    0
 6128.120194 77.300248 1.000000  0    0
 6129.027649 73.840193 1.000000  0    0
 6129.954103 65.066540 1.000000  0    0
 6131.055098 52.217955 1.000000  0    0
 6132.088082 41.148805 1.000000  0    0
 6133.093871 31.096492 1.000000  0    0
 6133.935867 21.820513 1.000000  0    0
 6135.041088 9.839459 1.000000  0    0
 6135.977785 5.524142 1.000000  0    0
 6136.879925 -1.601501 1.000000  0    0
 6138.031853 -9.240445 1.000000  0    0
 6139.032226 -15.132711 1.000000  0    0
 6139.936256 -19.435564 1.000000  0    0
 6140.892441 -21.571312 1.000000  0    0
 6142.049608 -27.427919 1.000000  0    0
 6143.069953 -30.595596 1.000000  0    0
 6144.137370 -31.161375 1.000000  0    0
 6145.026628 -35.163089 1.000000  0    0
 6146.002099 -35.576821 1.000000  0    0
 6146.971303 -38.617067 1.000000  0    0
 6148.122929 -38.093454 1.000000  0    0
 6149.000509 -37.526178 1.000000  0    0
 6149.898380 -38.380894 1.000000  0    0
 6150.949867 -38.083884 1.000000  0    0
 6151.859900 -34.724357 1.000000  0    0
 6152.930015 -30.740503 1.000000  0    0
 6153.970051 -25.141708 1.000000  0    0
 6155.010724 -16.788772 1.000000  0    0
 6156.123762 -6.171539 1.000000  0    0
 6156.855785 2.231198 1.000000  0    0
 6157.876171 17.881703 1.000000  0    0
 6158.848179 37.410733 1.000000  0    0
 6159.930400 55.618939 1.000000  0    0
 6161.055138 72.923822 1.000000  0    0
 6162.043782 72.726026 1.000000  0    0
 6163.038193 72.352544 1.000000  0    0
 6164.026776 59.491003 1.000000  0    0
 6164.925695 49.320507 1.000000  0    0
 6165.913458 38.563219 1.000000  0    0
 6166.916744 26.635053 1.000000  0    0
 6168.056688 15.885991 1.000000  0    0
 6168.749683 9.624483 1.000000  0    0
 6170.061376 -0.575851 1.000000  0    0
 6171.077115 -7.133424 1.000000  0    0
 6172.004093 -12.046806 1.000000  0    0
 6172.898842 -16.518527 1.000000  0    0
 6174.044016 -21.466355 1.000000  0    0
 6174.794515 -25.554519 1.000000  0    0
 6175.895047 -26.617307 1.000000  0    0
 6176.889550 -29.752924 1.000000  0    0
 6178.204045 -33.061125 1.000000  0    0
 6178.949360 -35.207351 1.000000  0    0
 6179.935254 -37.870158 1.000000  0    0
 6181.013411 -38.703164 1.000000  0    0
 6182.104541 -38.384992 1.000000  0    0
 6182.919852 -39.021564 1.000000  0    0
 6183.976503 -35.728248 1.000000  0    0
 6185.199169 -34.343358 1.000000  0    0
 6186.034811 -32.062533 1.000000  0    0
 6187.158810 -27.803634 1.000000  0    0
 6187.993418 -21.421421 1.000000  0    0
 6189.044189 -11.860862 1.000000  0    0
 6189.873777 -3.690467 1.000000  0    0
 6190.970181 12.017159 1.000000  0    0
 6192.026456 29.784830 1.000000  0    0
 6193.056222 47.809798 1.000000  0    0
 6194.068376 66.216327 1.000000  0    0
 6195.102184 72.474342 1.000000  0    0
 6196.091303 71.358765 1.000000  0    0
 6196.930799 66.184347 1.000000  0    0
 6197.902977 55.257523 1.000000  0    0
 6199.077683 42.895535 1.000000  0    0
