descriptor x_phase m_phase 
     -0.500000      22.663670 
     -0.495000      21.029244 
     -0.490000      19.427936 
     -0.485000      17.859589 
     -0.480000      16.323951 
     -0.475000      14.820692 
     -0.470000      13.349416 
     -0.465000      11.909676 
     -0.460000      10.500983 
     -0.455000       9.122815 
     -0.450000       7.774624 
     -0.445000       6.455844 
     -0.440000       5.165897 
     -0.435000       3.904195 
     -0.430000       2.670149 
     -0.425000       1.463168 
     -0.420000       0.282663 
     -0.415000      -0.871948 
     -0.410000      -2.001241 
     -0.405000      -3.105782 
     -0.400000      -4.186128 
     -0.395000      -5.242822 
     -0.390000      -6.276398 
     -0.385000      -7.287373 
     -0.380000      -8.276253 
     -0.375000      -9.243529 
     -0.370000     -10.189677 
     -0.365000     -11.115159 
     -0.360000     -12.020421 
     -0.355000     -12.905894 
     -0.350000     -13.771997 
     -0.345000     -14.619130 
     -0.340000     -15.447681 
     -0.335000     -16.258023 
     -0.330000     -17.050514 
     -0.325000     -17.825498 
     -0.320000     -18.583305 
     -0.315000     -19.324251 
     -0.310000     -20.048637 
     -0.305000     -20.756754 
     -0.300000     -21.448876 
     -0.295000     -22.125266 
     -0.290000     -22.786174 
     -0.285000     -23.431838 
     -0.280000     -24.062481 
     -0.275000     -24.678317 
     -0.270000     -25.279546 
     -0.265000     -25.866356 
     -0.260000     -26.438924 
     -0.255000     -26.997415 
     -0.250000     -27.541984 
     -0.245000     -28.072771 
     -0.240000     -28.589909 
     -0.235000     -29.093518 
     -0.230000     -29.583705 
     -0.225000     -30.060569 
     -0.220000     -30.524196 
     -0.215000     -30.974662 
     -0.210000     -31.412032 
     -0.205000     -31.836359 
     -0.200000     -32.247686 
     -0.195000     -32.646044 
     -0.190000     -33.031453 
     -0.185000     -33.403923 
     -0.180000     -33.763451 
     -0.175000     -34.110023 
     -0.170000     -34.443613 
     -0.165000     -34.764184 
     -0.160000     -35.071686 
     -0.155000     -35.366057 
     -0.150000     -35.647224 
     -0.145000     -35.915097 
     -0.140000     -36.169578 
     -0.135000     -36.410551 
     -0.130000     -36.637890 
     -0.125000     -36.851452 
     -0.120000     -37.051080 
     -0.115000     -37.236602 
     -0.110000     -37.407831 
     -0.105000     -37.564562 
     -0.100000     -37.706576 
     -0.095000     -37.833632 
     -0.090000     -37.945476 
     -0.085000     -38.041833 
     -0.080000     -38.122406 
     -0.075000     -38.186882 
     -0.070000     -38.234922 
     -0.065000     -38.266170 
     -0.060000     -38.280241 
     -0.055000     -38.276730 
     -0.050000     -38.255204 
     -0.045000     -38.215206 
     -0.040000     -38.156246 
     -0.035000     -38.077811 
     -0.030000     -37.979352 
     -0.025000     -37.860290 
     -0.020000     -37.720012 
     -0.015000     -37.557869 
     -0.010000     -37.373174 
     -0.005000     -37.165200 
      0.000000     -36.933180 
      0.005000     -36.676303 
      0.010000     -36.393712 
      0.015000     -36.084500 
      0.020000     -35.747712 
      0.025000     -35.382338 
      0.030000     -34.987311 
      0.035000     -34.561508 
      0.040000     -34.103742 
      0.045000     -33.612763 
      0.050000     -33.087250 
      0.055000     -32.525814 
      0.060000     -31.926993 
      0.065000     -31.289243 
      0.070000     -30.610946 
      0.075000     -29.890396 
      0.080000     -29.125802 
      0.085000     -28.315288 
      0.090000     -27.456883 
      0.095000     -26.548525 
      0.100000     -25.588061 
      0.105000     -24.573240 
      0.110000     -23.501721 
      0.115000     -22.371070 
      0.120000     -21.178769 
      0.125000     -19.922212 
      0.130000     -18.598724 
      0.135000     -17.205563 
      0.140000     -15.739937 
      0.145000     -14.199024 
      0.150000     -12.579992 
      0.155000     -10.880025 
      0.160000      -9.096366 
      0.165000      -7.226350 
      0.170000      -5.267463 
      0.175000      -3.217398 
      0.180000      -1.074131 
      0.185000       1.163997 
      0.190000       3.498178 
      0.195000       5.929028 
      0.200000       8.456457 
      0.205000      11.079523 
      0.210000      13.796281 
      0.215000      16.603605 
      0.220000      19.497015 
      0.225000      22.470483 
      0.230000      25.516259 
      0.235000      28.624688 
      0.240000      31.784062 
      0.245000      34.980501 
      0.250000      38.197887 
      0.255000      41.417856 
      0.260000      44.619888 
      0.265000      47.781477 
      0.270000      50.878428 
      0.275000      53.885256 
      0.280000      56.775704 
      0.285000      59.523366 
      0.290000      62.102378 
      0.295000      64.488168 
      0.300000      66.658203 
      0.305000      68.592697 
      0.310000      70.275235 
      0.315000      71.693264 
      0.320000      72.838423 
      0.325000      73.706694 
      0.330000      74.298366 
      0.335000      74.617820 
      0.340000      74.673173 
      0.345000      74.475793 
      0.350000      74.039745 
      0.355000      73.381192 
      0.360000      72.517792 
      0.365000      71.468132 
      0.370000      70.251203 
      0.375000      68.885947 
      0.380000      67.390883 
      0.385000      65.783802 
      0.390000      64.081547 
      0.395000      62.299851 
      0.400000      60.453242 
      0.405000      58.554995 
      0.410000      56.617125 
      0.415000      54.650412 
      0.420000      52.664452 
      0.425000      50.667716 
      0.430000      48.667633 
      0.435000      46.670664 
      0.440000      44.682393 
      0.445000      42.707605 
      0.450000      40.750368 
      0.455000      38.814111 
      0.460000      36.901693 
      0.465000      35.015473 
      0.470000      33.157368 
      0.475000      31.328908 
      0.480000      29.531288 
      0.485000      27.765408 
      0.490000      26.031921 
      0.495000      24.331259 
      0.500000      22.663670 
      0.505000      21.029244 
      0.510000      19.427936 
      0.515000      17.859589 
      0.520000      16.323951 
      0.525000      14.820692 
      0.530000      13.349416 
      0.535000      11.909676 
      0.540000      10.500983 
      0.545000       9.122815 
      0.550000       7.774624 
      0.555000       6.455844 
      0.560000       5.165897 
      0.565000       3.904195 
      0.570000       2.670149 
      0.575000       1.463168 
      0.580000       0.282663 
      0.585000      -0.871948 
      0.590000      -2.001241 
      0.595000      -3.105782 
      0.600000      -4.186128 
      0.605000      -5.242822 
      0.610000      -6.276398 
      0.615000      -7.287373 
      0.620000      -8.276253 
      0.625000      -9.243529 
      0.630000     -10.189677 
      0.635000     -11.115159 
      0.640000     -12.020421 
      0.645000     -12.905894 
      0.650000     -13.771997 
      0.655000     -14.619130 
      0.660000     -15.447681 
      0.665000     -16.258023 
      0.670000     -17.050514 
      0.675000     -17.825498 
      0.680000     -18.583305 
      0.685000     -19.324251 
      0.690000     -20.048637 
      0.695000     -20.756754 
      0.700000     -21.448876 
      0.705000     -22.125266 
      0.710000     -22.786174 
      0.715000     -23.431838 
      0.720000     -24.062481 
      0.725000     -24.678317 
      0.730000     -25.279546 
      0.735000     -25.866356 
      0.740000     -26.438924 
      0.745000     -26.997415 
      0.750000     -27.541984 
      0.755000     -28.072771 
      0.760000     -28.589909 
      0.765000     -29.093518 
      0.770000     -29.583705 
      0.775000     -30.060569 
      0.780000     -30.524196 
      0.785000     -30.974662 
      0.790000     -31.412032 
      0.795000     -31.836359 
      0.800000     -32.247686 
      0.805000     -32.646044 
      0.810000     -33.031453 
      0.815000     -33.403923 
      0.820000     -33.763451 
      0.825000     -34.110023 
      0.830000     -34.443613 
      0.835000     -34.764184 
      0.840000     -35.071686 
      0.845000     -35.366057 
      0.850000     -35.647224 
      0.855000     -35.915097 
      0.860000     -36.169578 
      0.865000     -36.410551 
      0.870000     -36.637890 
      0.875000     -36.851452 
      0.880000     -37.051080 
      0.885000     -37.236602 
      0.890000     -37.407831 
      0.895000     -37.564562 
      0.900000     -37.706576 
      0.905000     -37.833632 
      0.910000     -37.945476 
      0.915000     -38.041833 
      0.920000     -38.122406 
      0.925000     -38.186882 
      0.930000     -38.234922 
      0.935000     -38.266170 
      0.940000     -38.280241 
      0.945000     -38.276730 
      0.950000     -38.255204 
      0.955000     -38.215206 
      0.960000     -38.156246 
      0.965000     -38.077811 
      0.970000     -37.979352 
      0.975000     -37.860290 
      0.980000     -37.720012 
      0.985000     -37.557869 
      0.990000     -37.373174 
      0.995000     -37.165200 
      1.000000     -36.933180 
      1.005000     -36.676303 
      1.010000     -36.393712 
      1.015000     -36.084500 
      1.020000     -35.747712 
      1.025000     -35.382338 
      1.030000     -34.987311 
      1.035000     -34.561508 
      1.040000     -34.103742 
      1.045000     -33.612763 
      1.050000     -33.087250 
      1.055000     -32.525814 
      1.060000     -31.926993 
      1.065000     -31.289243 
      1.070000     -30.610946 
      1.075000     -29.890396 
      1.080000     -29.125802 
      1.085000     -28.315288 
      1.090000     -27.456883 
      1.095000     -26.548525 
      1.100000     -25.588061 
      1.105000     -24.573240 
      1.110000     -23.501721 
      1.115000     -22.371070 
      1.120000     -21.178769 
      1.125000     -19.922212 
      1.130000     -18.598724 
      1.135000     -17.205563 
      1.140000     -15.739937 
      1.145000     -14.199024 
      1.150000     -12.579992 
      1.155000     -10.880025 
      1.160000      -9.096366 
      1.165000      -7.226350 
      1.170000      -5.267463 
      1.175000      -3.217398 
      1.180000      -1.074131 
      1.185000       1.163997 
      1.190000       3.498178 
      1.195000       5.929028 
      1.200000       8.456457 
      1.205000      11.079523 
      1.210000      13.796281 
      1.215000      16.603605 
      1.220000      19.497015 
      1.225000      22.470483 
      1.230000      25.516259 
      1.235000      28.624688 
      1.240000      31.784062 
      1.245000      34.980501 
      1.250000      38.197887 
      1.255000      41.417856 
      1.260000      44.619888 
      1.265000      47.781477 
      1.270000      50.878428 
      1.275000      53.885256 
      1.280000      56.775704 
      1.285000      59.523366 
      1.290000      62.102378 
      1.295000      64.488168 
      1.300000      66.658203 
      1.305000      68.592697 
      1.310000      70.275235 
      1.315000      71.693264 
      1.320000      72.838423 
      1.325000      73.706694 
      1.330000      74.298366 
      1.335000      74.617820 
      1.340000      74.673173 
      1.345000      74.475793 
      1.350000      74.039745 
      1.355000      73.381192 
      1.360000      72.517792 
      1.365000      71.468132 
      1.370000      70.251203 
      1.375000      68.885947 
      1.380000      67.390883 
      1.385000      65.783802 
      1.390000      64.081547 
      1.395000      62.299851 
      1.400000      60.453242 
      1.405000      58.554995 
      1.410000      56.617125 
      1.415000      54.650412 
      1.420000      52.664452 
      1.425000      50.667716 
      1.430000      48.667633 
      1.435000      46.670664 
      1.440000      44.682393 
      1.445000      42.707605 
      1.450000      40.750368 
      1.455000      38.814111 
      1.460000      36.901693 
      1.465000      35.015473 
      1.470000      33.157368 
      1.475000      31.328908 
      1.480000      29.531288 
      1.485000      27.765408 
      1.490000      26.031921 
      1.495000      24.331259 
